ratio	n	bal1	wo1	bern1
0.1	4521	6.846026294931344e-07	2.013897978244382e-05	0.00017353601533639962
0.1	4521	4.009532826026051e-06	0.00015044213288007712	0.00012921148388987273
0.1	4521	6.751502497819824e-06	0.0002069689874184838	1.5299763914233244e-06
0.1	4521	7.403038281606987e-07	3.573575039434628e-07	2.0708582093663996e-05
0.1	4521	2.1108819402657125e-08	4.2024621799816e-06	0.0005804469235460955
0.2	4521	6.580240876246576e-06	4.759320688587549e-05	4.1838346343658954e-05
0.2	4521	1.3866505046599566e-06	4.088718060864558e-06	3.58875551883112e-05
0.2	4521	1.199436142958936e-06	7.316152916262174e-08	3.6814162359399357e-06
0.2	4521	1.0851651491572234e-06	2.935525398940898e-05	9.263213567673043e-05
0.2	4521	2.4092394380311654e-07	5.76196813110945e-07	3.629286886860507e-06
0.5	4521	1.106177695733129e-05	1.323544390680615e-08	1.2881718925911397e-06
0.5	4521	1.238955223065549e-09	5.2202940130017786e-08	4.932342057003713e-07
0.5	4521	3.224545778128782e-07	4.653355596690813e-06	7.328040399009772e-08
0.5	4521	2.3923006875706575e-07	1.227589279246348e-05	3.4672791124783524e-06
0.5	4521	4.4320885615106694e-07	6.903784918325504e-06	1.4954893503952394e-06
0.75	4521	6.58671121799465e-08	2.125992102346387e-07	2.768785541649144e-07
0.75	4521	8.489346448714316e-08	3.266301716783482e-07	3.806889680569737e-07
0.75	4521	1.2427959303047551e-08	3.037880689573467e-07	1.1539110912805246e-07
0.75	4521	2.121717154443015e-08	1.3754366544877132e-07	4.923427653752254e-07
0.75	4521	1.578988664390252e-08	1.8107659163857995e-06	4.6529690568599437e-07
1	4521	1.257548523380097e-06	1.205072523982494e-07	1.4347314545528751e-08
1	4521	8.904398166597091e-07	4.339590805126847e-06	2.3755466862936464e-08
1	4521	3.0232286381836022e-05	1.433846864952942e-06	5.9510829986442785e-05
0.5	4521	5.327063560728916e-06	6.042866919771617e-06	2.0429026187162302e-05
0.5	4521	5.2213509342975315e-11	4.3909233401015714e-07	2.2938660221820072e-05
0.5	4521	3.138376780147523e-08	1.9768367925577627e-09	3.260008659170724e-05
0.5	4521	1.6647345861432694e-08	6.258811209909331e-08	3.0305452286813023e-06
0.5	4521	6.262817966269483e-06	6.521697331129626e-07	3.2232438847500835e-06
1	4521	2.573628652940758e-06	8.444956332213917e-07	1.0661819935164742e-05
1	4521	1.4648056950128093e-07	2.7660054177996364e-07	1.991101185479231e-06
1	4521	2.37487362731855e-07	8.632857683502979e-08	8.67504507572057e-08
1	4521	8.018241299517147e-07	7.815717533179986e-07	4.721645071792169e-06
1	4521	7.709699054174864e-06	6.303263695864978e-08	1.1295915426892961e-06
0.1	4521	4.789850060444974e-07	1.0257466902390047e-06	3.774527826724222e-05
0.1	4521	7.711498411634345e-07	2.9201431893514356e-08	0.0006418437782583621
0.1	4521	2.2206697610128872e-07	0.00018203168580515323	7.141615766582909e-05
0.1	4521	4.4436265822078665e-08	2.9242308580745736e-05	1.5084000728975751e-05
0.1	4521	3.6061272099457546e-07	9.981177283033881e-05	0.0002539677862059744
0.2	4521	9.343820935942631e-07	0.00034340678859137936	1.639487235491102e-06
0.2	4521	3.478454244120529e-06	2.2184010808212245e-05	6.3147238726334e-06
0.2	4521	4.1176695747650274e-07	2.4842073592931926e-08	3.641668247894235e-05
0.2	4521	1.783246802734319e-07	3.386920177406753e-05	0.0003029847937992886
0.2	4521	1.764012407191185e-08	1.352017879232873e-05	6.776327255435215e-07
0.5	4521	8.128294809500658e-07	3.1870076270075763e-06	2.2426635724721727e-06
0.5	4521	6.58877610988674e-10	6.523793302200422e-07	7.927523708011466e-05
0.5	4521	1.0999308576971139e-05	3.5936505506789418e-06	1.3683274154717475e-06
0.5	4521	1.429212841591048e-09	2.751721072452782e-07	3.7670091569696285e-06
0.5	4521	3.0985419133675335e-07	3.343749353726981e-06	1.0457995365228586e-06
0.75	4521	8.002265421964017e-06	1.3888386165285448e-09	1.2197325640675588e-09
0.75	4521	4.3142490341317896e-08	2.221466110735023e-08	3.458827279764189e-06
0.75	4521	2.174868894235258e-07	2.7975519696391794e-08	1.6796668831601282e-06
0.75	4521	9.677615646067662e-08	6.52839848208936e-09	1.4988085387270262e-06
0.75	4521	1.8636147964613254e-05	4.990448415675761e-06	3.0779300003497215e-06
1	4521	5.193867455591643e-06	2.4672550276962863e-09	1.2545033032473067e-08
1	4521	1.2149379529431215e-07	4.120859402972282e-09	9.521705919044576e-08
1	4521	6.15269828242095e-08	4.750111184613245e-06	2.296779679964809e-06
1	4521	5.431192493230807e-08	9.546132522346874e-10	5.858729957877097e-11
1	4521	1.7263709577227976e-05	3.1022308595287446e-06	2.1705856947128634e-06
0.1	4521	4.4465154200492744e-07	2.7330621723382894e-05	2.0381696576094688e-06
0.1	4521		0.0001596150199124878	5.155635630057887e-05
0.1	4521		3.827086185615662e-06	7.717658744845744e-05
0.1	4521		0.00014436802928600198	2.2058335427800374e-05
0.1	4521		0.00010315461836618297	0.00013207743603087414
0.1	4521		4.577375592115001e-06	3.139009089291181e-05
0.1	4521		0.0002605696864685798	0.00041518244903028176
0.1	4521		8.61715507862284e-08	0.00027598722679675726
0.1	4521		0.0001289736787690306	1.869267576887188e-05
0.1	4521		0.00023655340346943145	0.0003343178621994026
0.2	4521	1.7728932093207752e-06	0.00022808506905013193	7.129538236339446e-08
0.2	4521		1.3551337675880895e-07	8.557998667243068e-06
0.2	4521		2.031067332630628e-05	1.6391685358869744e-06
0.2	4521		3.2954036106276417e-06	2.4780260596931288e-06
0.2	4521		2.14140998961507e-06	1.2588704708521915e-05
0.2	4521		7.241000766457825e-05	2.192951981148753e-06
0.2	4521		1.1775569071800926e-08	3.487993689341409e-06
0.2	4521		2.531023111867034e-07	1.1754770329344171e-05
0.2	4521		0.000168884487531387	8.80327231085597e-05
0.2	4521		0.00012665400114446495	1.6034387344286135e-05
0.5	4521	1.4238067483366242e-07	5.362618803107887e-06	2.6711510323196844e-06
0.5	4521		9.658585698156118e-08	1.1294667319435375e-07
0.5	4521		1.0761746423344141e-05	3.3881949230950074e-06
0.5	4521		1.1574116189921866e-10	2.235394317804463e-05
0.5	4521		1.8908900130332218e-06	6.12012697254269e-06
0.5	4521		2.346604348072276e-06	3.499224461322094e-06
0.5	4521		1.425775492338544e-06	8.340040057218966e-08
0.5	4521		3.558018454543168e-07	3.0142620182133124e-10
0.5	4521		2.1964818302873348e-06	1.2338507137852123e-05
0.5	4521		1.9151927320632867e-06	1.2227923092601894e-08
0.75	4521	5.332389028232364e-07	2.963656867323369e-08	3.358430110301446e-09
0.75	4521		3.925188833080409e-06	1.852281763906498e-05
0.75	4521		6.819124076628344e-06	2.2948226601566995e-07
0.75	4521		2.8456871959589427e-07	1.2777085518074317e-06
0.75	4521		1.2056887411016078e-06	1.7660358162687807e-06
0.75	4521		1.5531857825480904e-05	3.323647569333492e-07
0.75	4521		1.048476757320234e-06	3.218803592174892e-08
0.75	4521		1.5163297772137107e-07	3.2363396633158127e-10
0.75	4521		3.3301014539914504e-07	2.192591069760675e-06
0.75	4521		4.777396043528093e-07	5.438571807456234e-10
1	4521	7.133777582152061e-11	8.547336518052972e-08	5.557990801543883e-07
1	4521		8.232296689055336e-06	2.069078366570772e-08
1	4521		3.803352222687973e-09	3.3023619138688793e-07
1	4521		1.0245903543078891e-07	1.578727830551814e-06
1	4521		3.4410703124215164e-07	8.116922625175347e-06
1	4521		4.836482461011042e-07	2.8560138519771386e-07
1	4521		1.039597124384981e-05	3.489144267247024e-06
1	4521		1.8972896302029e-05	2.567867042936677e-07
1	4521		4.426337555907009e-08	1.6674400001199076e-06
1	4521		1.03279868987892e-06	1.3160714540186751e-08
0.75	4521		1.1429856088033182e-06	4.284478609371086e-06
0.75	4521		9.91862559381143e-07	9.095047469523023e-06
0.75	4521		2.4372333461354846e-07	4.331731017293921e-07
0.75	4521		4.4881677552331466e-07	2.1730950058799156e-06
0.75	4521		4.724873782946568e-08	2.905240916241261e-07
0.75	4521		5.841219176922117e-07	8.903088567160405e-07
0.75	4521		5.696801345382801e-06	3.8875751527169496e-07
0.75	4521		1.2953570617330635e-07	2.814855993224151e-06
0.75	4521		6.680056643342023e-08	4.837187703347226e-08
0.75	4521		1.6925460022463202e-07	1.0387196910313801e-05
1	4521		1.1024383209696275e-05	1.0848766164700862e-06
1	4521		9.732338234637925e-07	4.6560985321639224e-06
1	4521		8.018799691536491e-08	3.875731238900879e-06
1	4521		5.0569127135369355e-06	4.277485612013644e-06
1	4521		3.3469497933837616e-06	1.4005638794053988e-06
1	4521		9.519918307531496e-06	2.030308030285345e-06
1	4521		5.714302730884068e-07	1.2688334402599523e-06
1	4521		4.4759299394360547e-10	1.390650991215135e-08
1	4521		1.193998428684738e-07	1.6951436408273314e-06
1	4521		6.840702585222506e-09	1.567442078403106e-07
